>atp operon;0,-25,150
Sant_0004,Sant_0011
53,151,143,255;1,102,94,255;
>   nuo\n  operon;0,100,310
Sant_1342,Sant_1354
53,151,143,255;1,102,94,255;
>ndh;0,0,0
Sant_2463,Sant_2463
53,151,143,255;1,102,94,255;
>cydCD;0,0,0
Sant_2647,Sant_2648
53,151,143,255;1,102,94,255;
>cydAB;0,0,0
Sant_2766,Sant_2767
53,151,143,255;1,102,94,255;
>cyo\n operon;0,0,25
Sant_3005,Sant_3009
53,151,143,255;1,102,94,255;
>djlA\ntbpA\nthiPQ;0,-90,0
Sant_3371,Sant_3381
223,194,125,255;140,81,10,255
>cpdA;0,-30,0
Sant_3606,Sant_3606
223,194,125,255;140,81,10,255
>Sant_3721\nSant_3722;0,-100,75
Sant_3721,Sant_3722
223,194,125,255;140,81,10,255
>pgm;0,0,0
Sant_2782,Sant_2782
223,194,125,255;140,81,10,255
>znuABC;0,0,0
Sant_1688,Sant_1690
223,194,125,255;140,81,10,255
>cutA;0,0,0
Sant_3554,Sant_3554
223,194,125,255;140,81,10,255